## 9. Use only (7.) and (8.) to reconstruct (6.).

# (7.)
first_element <- 3.000000
last_element <- 2.166667

# (8.)
v <- c(3.750000, 4.500000, 5.250000, 6.000000, 2.000000, -5.100000, -33.000000)

# Combine all the vectors
v <- c(first_element, v, last_element)

## output:

## [1]   3.000000   3.750000   4.500000   5.250000   6.000000   2.000000  -5.100000
## [8] -33.000000   2.166667